[200,9,536,356]
[202,7,385,350]
[203,10,520,395]
[205,9,480,436]
[206,8,541,367]
[208,10,409,372]
[209,10,447,324]
[210,10,414,339]
[213,8,515,384]
[215,10,524,380]
[216,11,511,335]
[217,6,387,327]
[219,7,486,369]
[221,10,361,313]
[222,7,497,377]
[224,7,502,474]
[225,10,376,326]
[226,10,350,304]
[228,6,442,336]
[231,10,401,361]
[232,8,450,316]
[235,10,403,340]
[237,9,478,304]
[245,11,416,337]
[246,9,497,430]
[253,11,351,324]
[254,8,401,386]
[255,11,503,363]
[256,9,361,344]
[257,11,479,366]
[258,10,359,358]
[259,7,507,442]
[260,7,452,405]
[264,6,493,341]
[265,6,400,315]
[267,11,368,306]
[268,12,390,325]
[269,8,452,394]
[270,7,509,437]
[271,10,450,439]
[272,12,443,324]
[276,8,370,335]
[279,9,350,329]
[282,11,446,325]
[283,12,509,433]
[284,11,364,315]
[285,7,538,388]
[286,9,380,355]
[287,7,350,309]
[288,10,522,511]
[289,11,360,312]
[293,7,506,356]
[294,6,518,316]
[295,10,446,359]
[296,9,378,370]
[297,12,522,446]
[299,9,422,421]
[300,10,456,348]
[301,9,350,300]
[303,9,547,468]
[304,10,408,353]
[306,8,390,378]
[307,6,501,318]
[308,8,493,481]
[309,7,444,438]
[310,8,364,326]
[311,7,548,359]
[313,7,425,352]
[314,12,372,306]
[319,8,470,325]
[320,6,393,306]
[321,11,432,349]
[323,7,433,416]
[325,9,369,318]
[326,8,378,362]
[328,10,519,484]
[329,8,407,407]
[334,7,427,321]
[336,12,453,330]
[337,10,359,326]
[342,7,350,338]
[343,10,406,329]
[344,9,460,415]
[345,11,362,354]
[346,7,386,359]
[348,9,409,334]
[350,11,478,387]
[351,7,354,303]
[354,12,388,378]
[355,10,517,324]
[356,11,434,373]
[358,8,424,374]
[362,10,409,311]
[363,7,374,326]
[364,7,483,441]
[366,8,431,407]
[367,9,427,341]
[368,11,532,496]
[369,9,521,439]
[374,7,512,383]
[375,9,476,386]
[377,7,379,306]
[378,7,491,312]
[379,8,364,328]
[380,10,458,447]
[382,12,374,360]
[383,10,522,335]
[384,6,399,355]
[385,7,457,416]
[386,10,523,316]
[387,7,445,372]
[389,10,397,395]
[390,7,505,457]
[391,11,455,369]
[395,7,465,390]
[397,12,472,372]
[398,10,421,397]
[399,9,453,439]
