[200,9,536,356]
[201,1,540,422]
[202,7,385,350]
[203,10,520,395]
[204,1,459,383]
[205,9,480,436]
[206,8,541,367]
[207,1,424,366]
[208,10,409,372]
[209,10,447,324]
[210,10,414,339]
[211,2,538,311]
[212,0,377,359]
[213,8,515,384]
[214,2,493,381]
[215,10,524,380]
[216,11,511,335]
[217,6,387,327]
[218,1,524,350]
[219,7,486,369]
[220,3,423,307]
[221,10,361,313]
[222,7,497,377]
[223,1,439,332]
[224,7,502,474]
[225,10,376,326]
[226,10,350,304]
[227,3,428,388]
[228,6,442,336]
[229,1,549,509]
[230,1,402,306]
[231,10,401,361]
[232,8,450,316]
[233,4,394,309]
[234,5,360,307]
[235,10,403,340]
[236,5,384,342]
[237,9,478,304]
[238,6,461,438]
[239,6,535,398]
[240,6,499,480]
[241,4,508,459]
[242,0,377,302]
[243,3,363,363]
[244,0,421,308]
[245,11,416,337]
[246,9,497,430]
[247,6,510,403]
[248,3,452,421]
[249,0,481,377]
[250,0,537,435]
[251,1,374,312]
[252,1,421,395]
[253,11,351,324]
[254,8,401,386]
[255,11,503,363]
[256,9,361,344]
[257,11,479,366]
[258,10,359,358]
[259,7,507,442]
[260,7,452,405]
[261,0,481,350]
[262,5,446,387]
[263,2,386,385]
[264,6,493,341]
[265,6,400,315]
[266,0,446,317]
[267,11,368,306]
[268,12,390,325]
[269,8,452,394]
[270,7,509,437]
[271,10,450,439]
[272,12,443,324]
[273,4,521,516]
[274,5,517,482]
[275,1,547,387]
[276,8,370,335]
[277,5,410,359]
[278,6,540,430]
[279,9,350,329]
[280,4,461,300]
[281,6,428,392]
[282,11,446,325]
[283,12,509,433]
[284,11,364,315]
[285,7,538,388]
[286,9,380,355]
[287,7,350,309]
[288,10,522,511]
[289,11,360,312]
[290,4,455,368]
[291,3,389,306]
[292,0,350,327]
[293,7,506,356]
[294,6,518,316]
[295,10,446,359]
[296,9,378,370]
[297,12,522,446]
[298,3,498,350]
[299,9,422,421]
[300,10,456,348]
[301,9,350,300]
[302,5,482,350]
[303,9,547,468]
[304,10,408,353]
[305,5,362,327]
[306,8,390,378]
[307,6,501,318]
[308,8,493,481]
[309,7,444,438]
[310,8,364,326]
[311,7,548,359]
[312,5,413,303]
[313,7,425,352]
[314,12,372,306]
[315,1,351,306]
[316,2,437,357]
[317,3,357,344]
[318,5,350,329]
[319,8,470,325]
[320,6,393,306]
[321,11,432,349]
[322,1,376,352]
[323,7,433,416]
[324,2,495,368]
[325,9,369,318]
[326,8,378,362]
[327,3,491,419]
[328,10,519,484]
[329,8,407,407]
[330,0,504,497]
[331,3,481,341]
[332,5,363,358]
[333,3,474,348]
[334,7,427,321]
[335,3,399,326]
[336,12,453,330]
[337,10,359,326]
[338,0,511,419]
[339,5,542,395]
[340,2,439,370]
[341,5,443,314]
[342,7,350,338]
[343,10,406,329]
[344,9,460,415]
[345,11,362,354]
[346,7,386,359]
[347,5,468,416]
[348,9,409,334]
[349,2,393,319]
[350,11,478,387]
[351,7,354,303]
[352,1,489,366]
[353,3,550,448]
[354,12,388,378]
[355,10,517,324]
[356,11,434,373]
[357,2,369,331]
[358,8,424,374]
[359,5,441,362]
[360,4,421,367]
[361,0,368,327]
[362,10,409,311]
[363,7,374,326]
[364,7,483,441]
[365,4,496,307]
[366,8,431,407]
[367,9,427,341]
[368,11,532,496]
[369,9,521,439]
[370,5,515,365]
[371,6,512,476]
[372,1,453,386]
[373,2,510,315]
[374,7,512,383]
[375,9,476,386]
[376,1,460,344]
[377,7,379,306]
[378,7,491,312]
[379,8,364,328]
[380,10,458,447]
[381,5,406,367]
[382,12,374,360]
[383,10,522,335]
[384,6,399,355]
[385,7,457,416]
[386,10,523,316]
[387,7,445,372]
[388,1,521,380]
[389,10,397,395]
[390,7,505,457]
[391,11,455,369]
[392,0,489,435]
[393,0,380,331]
[394,1,490,433]
[395,7,465,390]
[396,5,389,316]
[397,12,472,372]
[398,10,421,397]
[399,9,453,439]
